6741
8742
17759
17923
25118
25608
16942
21063
647
29589
5142
31212
340
28233
28680
9834
31135
5404
16548
11611
15374
23240
14155
25174
4607
22018
985
20460
16893
21831
180
6986
24871
18139
18691
31492
15553
22662
29055
15392
20733
6556
28397
12473
13118
19882
8270
8797
25646
13863
7917
26463
4064
12349
6146
1255
26708
25195
6943
25460
30193
28710
10178
9389
6262
32051
19292
11046
23204
15760
23056
10351
14162
3725
16607
28266
2656
27493
7366
24756
1823
8139
16022
13136
25674
983
15992
15445
4970
19047
4638
31688
28792
5941
24252
29728
17248
487
29
29311
10396
11788
7994
31163
23507
25511
22421
30519
30620
10032
26379
7361
30792
31
2134
23565
7549
29982
30158
16615
4174
22817
19963
10386
800
705
30463
23751
28956
14869
13525
30110
11752
1223
24495
15095
7621
18155
22698
26683
32368
1812
15365
793
5182
3280
6718
11966
17641
20190
6522
13791
25301
28149
18831
21411
17232
19883
860
5075
5953
17659
8473
17630
14415
16496
20405
29660
19043
21917
249
9351
21735
8224
26185
26282
26307
3055
23372
14357
20583
20275
5543
1837
19267
19862
19600
17923
6537
22054
21145
32023
28862
26161
28814
2465
6679
4423
13498
19099
9767
11112
17790
10012
22636
23732
6858
9453
8527
20860
5400
30946
13429
28846
8955
9518
1157
5222
30265
23483
32484
20503
12735
19196
3112
495
21540
25546
30717
14043
23324
22084
15879
25411
11022
30528
15617
17121
18281
29974
8526
20468
32731
8302
28410
15463
24963
12466
14000
30619
6327
19680
16816
20023
12313
25161
15046
5105
28808
2188
909
3927
1857
17226
21966
1174
18402
31117
23950
20616
8316
19513
12974
6907
26852
25098
21179
32642
19365
10439
29272
3341
19069
19685
500
6661
12686
17914
4291
16684
17955
7020
13050
5893
11087
25158
18417
4300
29600
13725
14864
2754
1697
986
6705
7677
22205
7642
20829
30588
14207
22935
18923
10293
8541
30700
16515
6988
31738
24291
5081
9956
2466
3693
19782
591
14741
26272
5665
26379
1458
14897
18474
26723
16794
14629
8189
30361
20295
16038
2101
23875
31761
14985
11678
20527
16463
17971
15104
12929
24078
4048
24783
6502
12323
28103
18312
16438
4472
1984
32434
12459
18679
12158
29122
30030
28093
16400
31316
26869
2682
9105
23150
24345
32191
12891
20757
8730
1514
16031
5480
19736
28501
4479
30783
1350
10886
963
14427
20511
8566
21684
14453
10542
17015
25619
14132
7246
12984
5695
16509
1783
16504
194
24787
15553
9274
17979
5049
25013
3111
12311
1520
20127
13392
14924
13519
11593
13936
5423
24305
17491
31596
18418
13032
28238
25014
7116
18260
24148
7243
25917
21989
20573
6970
22928
16277
14416
16741
7666
10571
28722
6097
3484
400
6829
19737
11804
11211
7439
23479
10809
29594
21430
25340
15793
27405
28318
29418
7950
30244
13823
5836
2372
32751
2962
6653
28468
26512
17625
15328
613
17149
13643
30033
3509
17797
7119
26183
9859
17714
2869
15946
13550
12190
13377
17988
32653
27977
28966
17471
24443
5284
32402
19018
12343
4997
25376
26024
9781
3712
31182
13702
17902
11207
27043
24756
14932
16969
7079
17954
26965
13097
16197
731
19082
19778
17352
26847
933
11240
22803
528
16252
12763
12006
2537
27913
18958
839
4282
16001
28283
26790
24188
12704
6609
5177
16563
19906
10252
1881
30869
22321
5463
10768
17112
25600
6566
23473
30487
7650
9400
4247
14609
25606
2638
24610
12122
28979
17014
8404
12348
18622
14534
22000
4299
14697
19897
16591
27911
14059
4172
19520
23155
18976
12011
4953
24983
19614
14521
8904
23031
29776
28101
20160
13405
18364
6606
30184
32285
9769
10997
24461
15924
30521
20999
23836
18946
29169
30175
3752
26079
12394
30390
1815
29987
14648
8405
11082
12475
1796
1516
8285
4303
20041
24973
14870
14476
663
10605
17337
3449
8755
30208
27649
25166
21227
18697
1695
8422
14672
9332
19868
27324
21745
10448
13778
2448
4553
31320
13077
12580
30977
32387
264
15740
27044
6134
26516
6660
20545
402
20212
18686
31885
19577
13652
18348
20696
20992
7152
14341
13947
22904
1855
25942
21604
2104
5503
19994
10418
1758
14657
12235
8727
32288
18439
19116
31964
20075
2209
32121
7524
12870
10072
12177
21107
21258
26426
18245
30677
7991
32051
12871
16478
19462
17944
203
5481
6518
27832
13437
9208
10564
11608
19451
10132
16642
5184
26276
10643
9705
2682
18858
30115
32457
29863
25216
10185
3567
20552
3612
23830
18680
9569
28465
24215
10253
13124
12725
25119
26895
16488
26032
12379
1448
13173
6186
29599
27861
8940
4454
7228
32433
13310
28504
20789
31227
15559
22694
12986
1728
858
6697
15709
11076
3911
20629
7257
25641
11841
3359
25510
1906
26948
3994
1226
19033
6884
11335
8446
279
8202
27844
13170
24564
2772
23456
22255
22028
18271
14723
18734
12768
9019
28487
25389
30848
25543
8483
20008
26390
31364
9381
8480
16761
16499
3525
3430
17640
9961
7933
21148
19911
12420
22898
25989
9485
29076
31550
17700
26227
11785
1392
20584
5573
19945
2375
8885
13361
22017
26350
28000
14714
27701
24467
26502
31655
10509
1935
31256
2616
8734
11101
20261
27433
3672
27113
24293
2078
21822
15622
2957
14245
4793
5701
2019
12726
3680
15191
9170
25374
20376
4758
608
16746
31775
22174
21374
342
5131
13641
11659
15483
8916
14857
7005
22256
12538
29218
22619
20482
29617
25096
20763
7075
26383
9384
18874
32360
22693
26725
12889
5266
28825
5916
23907
23641
27498
29261
12987
29904
25892
32558
18707
8496
28855
17378
20402
32500
25892
16171
12316
11394
815
25490
19915
17093
12176
31050
20125
500
20402
4683
32106
22244
8378
12222
8279
21279
3523
545
13961
24645
25846
8325
25460
15919
7236
9037
17916
12508
1469
21728
21861
18989
31980
11542
8789
16066
11666
18668
16109
30792
27323
32279
32757
10673
31140
2503
3631
7727
17963
11202
29554
4684
7657
29948
4005
22529
18287
29947
27565
23686
15348
20209
13275
2428
22683
28471
1308
24170
23891
27683
844
32188
15674
22296
8415
12228
29739
20460
7134
13327
32232
1228
17453
7740
21292
458
18914
7254
30510
15010
15311
28407
25411
23959
22770
28283
30118
28389
10046
7452
520
2434
2500
8395
9176
32698
979
27152
6229
11116
23628
20790
13339
449
16181
28415
9120
23751
23721
12540
18994
456
8980
10093
20645
22934
7365
12075
11844
1917
28306
25370
12028
16730
11637
32192
28062
22835
18756
18233
6627
13888
14887
13440
20035
27122
30978
24461
26556
23591
6728
7493
23661
15996
27239
6741
26370
18652
5294
30978
1877
6407
10307
29954
23376
6392
32490
31335
12315
21792
10465
21872
17197
19775
7566
21140
11579
10822
20868
23601
13054
25617
26403
1404
26283
10675
16009
22156
23809
5548
2222
7281
4984
10799
4576
9696
12714
2326
4198
7541
28911
28393
16508
19049
10465
32424
10497
32708
2769
6439
8131
9581
16098
19072
25381
28132
17707
31927
26461
24482
9998
26817
11098
8935
21717
19022
24618
25159
974
27703
2589
4969
4329
25931
13269
9217
11175
5164
4054
2719
23715
13697
15874
17948
25401
21316
4633
4442
15906
1747
28361
11451
18931
17837
21033
15151
22854
13324
23981
12268
8405
14391
1443
14039
27526
29458
6190
25633
18048
7811
29133
6056
23463
11303
29067
4976
9354
12541
22981
589
28782
13941
27198
4507
19382
24063
10270
580
17737
28982
5007
2688
11626
29113
723
13021
14561
20539
3425
26247
1793
8620
12406
5307
2655
10663
12713
27880
6273
24817
16445
32017
2001
18148
31892
30095
9637
12202
23055
11555
10962
7810
31992
16401
8238
31880
27905
16499
12922
19146
11120
22956
20811
21186
4182
24064
10097
18219
28398
14857
7561
6025
28323
9810
21910
1871
29735
8184
26650
22773
21333
3510
618
16757
26851
13760
31826
10988
14307
23566
23106
10046
28169
11346
12281
26590
14782
19074
6173
11800
8720
26289
22371
8914
27583
1020
21022
27984
28228
27503
7213
11963
5841
8988
6745
31194
25332
1308
19375
13092
17234
28692
12694
9497
27134
3928
5108
5011
10322
13155
30344
1997
27379
5889
5802
20853
26473
31089
7192
18604
9768
21631
1418
14387
24905
777
6757
28300
2074
29052
17446
27268
9844
1709
32347
10827
5830
12129
7230
21839
1996
26917
15752
9730
28888
3998
17688
24301
3450
17387
15454
18372
2688
28016
23822
17064
10926
25977
823
26759
17711
11577
14449
20126
19064
11335
31798
22042
12786
24480
8620
24288
22548
16029
16508
11537
18151
24068
18984
11456
14997
11413
6407
28745
29412
17126
299
12459
26940
4967
26960
17115
11122
18691
9288
27205
20052
25857
3056
4179
18899
14509
2901
30013
25295
2335
26893
8868
30360
32573
6015
25013
2130
7300
7777
16657
6189
2751
22825
10464
25581
18231
25575
25712
18936
25817
14789
12882
211
4720
32699
20106
11954
3647
3619
14655
10668
25580
20881
8877
27237
16523
20503
27698
12708
30187
30295
23492
7455
11825
18905
14424
650
20035
10835
24232
16161
1314
4478
7926
2456
13371
22710
18829
32709
15703
8255
18034
31145
17536
9324
11117
13913
28539
4957
16251
21390
1533
2267
4239
1905
20146
24558
15932
6259
12599
5466
10802
7369
4838
6797
28069
1360
26735
28659
7487
12854
1835
24097
9546
20047
3630
29530
12088
27344
21567
3658
28421
30043
32337
7964
19913
545
29929
11565
10679
27097
21100
11619
28367
16373
3539
2645
11176
6967
8794
128
20137
15568
2646
21765
14141
26826
17481
18368
27854
26487
15234
1154
30795
26176
24465
959
19182
7935
7974
24719
2350
3470
13882
13140
10654
1157
21003
27412
7748
5794
9003
20443
23281
11647
1601
15194
31913
4058
29346
12899
13771
31573
11366
17462
1811
8252
17885
30447
8507
17734
27597
17081
14855
7183
1472
22997
13323
10370
2673
14651
20473
3847
23064
3509
27496
25784
20242
13837
1427
17379
27223
16626
19985
13492
18218
2727
14909
10175
25673
20273
32102
25110
16187
3822
15936
6874
7114
2187
13272
16722
25695
24841
32753
29475
5840
26573
10444
25639
6410
23001
8991
28291
30762
3844
22152
19576
7637
441
28076
7503
7260
16734
26981
1534
8024
28289
12642
20091
19411
4156
11791
13321
21161
21818
24823
32545
24012
28399
21070
5699
303
22529
18119
9785
31720
30469
19603
13524
14070
3573
8783
25294
28236
21023
19163
29074
3534
3084
27483
5409
7072
30650
31162
24080
17440
9683
6325
21298
1091
16073
26848
22230
14701
29927
6854
32302
15604
11838
25747
19923
62
29583
12744
23258
16875
12992
31742
18753
23174
542
20781
7069
11346
1514
30921
31204
13401
18837
15611
8371
28515
15956
26659
21222
1757
13707
12538
10685
18419
24417
22767
28866
6241
7089
28158
32307
17608
5654
26709
29855
3255
23935
6655
5594
22267
22528
14932
21084
9660
4362
19257
28876
28068
31508
18231
30095
17656
21894
19952
5386
18433
28682
6018
20254
26240
24687
23096
24591
31536
3678
30121
4760
25026
23380
25051
10963
16844
10729
6319
25896
9774
11050
12523
18026
32749
8205
2841
25313
7553
9604
11413
29379
21983
26194
308
24743
18197
3490
844
23014
22298
14577
14709
27646
5230
22369
26579
1044
26222
19692
14277
18724
11889
27099
17464
21599
21897
23426
13707
8721
19089
23837
12485
6540
11629
26082
29266
21028
272
30886
16787
4514
17606
26856
917
28327
1810
2683
16086
20965
15054
4407
15009
30699
15923
24013
25550
12924
18422
24624
28301
28669
2316
12128
25424
23184
23520
16549
12911
28565
26410
8949
30431
20345
370
27485
20586
10388
3948
32006
5555
2092
5334
3136
16118
15076
30146
16839
8909
23102
8863
14154
13847
18541
27603
24587
27576
8482
31363
7305
19806
22675
5421
19010
7926
8930
1749
16655
27672
5973
12602
27529
23954
6247
22509
5770
29466
11868
11372
24179
28349
5679
11563
17130
12742
23214
24494
18710
25127
14402
28793
2429
6429
18930
19361
4555
30859
24604
9315
1257
9823
32492
12056
25064
30773
17576
5651
11430
26090
17846
4557
20089
4982
6645
20677
30155
8870
5913
7505
29851
4106
3588
28904
32132
13436
4298
26456
12965
12547
28632
29422
25777
5248
21978
2132
20581
17888
23671
3948
30698
27900
32206
4007
31640
11500
2814
28689
31165
5125
22598
19264
9753
10230
32078
531
30467
18160
27709
15760
22233
15014
23831
14301
4901
8618
15066
12155
20273
26001
32582
19310
11997
10378
18970
13338
3737
21472
20586
2594
32585
5599
17087
19028
24411
31443
13101
14109
21813
10155
30182
12604
2766
17193
29996
17539
28137
27014
3574
32038
22075
7458
15800
13187
26655
24021
25135
10667
25177
13392
20193
31204
11484
13809
6994
30682
24111
15153
25857
18653
6057
26194
12501
4641
23548
8292
8372
1876
11359
9049
21789
13296
16507
6253
7029
12124
29765
17017
5402
20013
22882
14463
14163
5530
1367
17309
4468
4783
7619
12355
9297
31471
28976
20458
27687
3545
12931
18609
12538
14275
19606
19268
3273
1222
4325
17222
31488
30819
18277
6684
2609
13186
21378
1678
15282
868
31262
1028
9778
32187
1376
18999
17446
6129
6711
31406
763
1727
992
27612
30715
11876
2739
3791
14533
1054
2905
27825
10014
1288
1932
21428
17508
31925
31114
6378
11749
7086
22265
21954
6587
30873
26784
4761
7252
18501
10345
23443
6634
6743
13071
1843
3155
3136
9875
29855
3835
26779
32075
140
8452
2207
32489
20862
16181
354
7888
520
5748
17815
1320
31443
22987
20087
26099
18331
25652
30481
4534
21568
16194
29451
30278
29881
3894
29708
15598
21177
319
23997
19826
16972
17251
952
25664
18001
3374
20578
25549
30085
4203
23267
30646
14397
12353
5009
3587
5186
14337
15644
19723
24870
26078
6536
23171
20031
1312
4760
6311
7045
17633
22000
6972
19684
11028
19327
12289
17010
17664
12106
14960
5241
26129
7646
7746
22565
11785
21071
23665
9984
29550
14397
2622
9993
26247
13999
18618
12879
22823
22377
3609
13896
7456
17314
17481
11725
1248
4219
26226
31556
25156
21023
29965
27113
16796
1875
13285
31499
5339
26098
16525
28551
12315
19933
3665
20998
29547
19076
20872
22198
24825
19125
21951
31333
22196
11412
12461
7304
20895
30189
21837
23465
6738
12786
25925
19736
10882
17495
26826
9503
16625
1005
9996
15863
31541
20559
1451
18262
10681
6164
10993
11929
26949
15469
13485
14030
20330
10443
4656
14711
4660
12165
15909
30123
18727
13550
31023
12745
15184
15550
23888
7013
28955
24133
12316
15692
32238
3350
4199
17409
11224
6556
1043
26754
29193
11425
20097
7542
23621
30371
8556
27556
498
31447
6943
9357
7821
19079
23764
4846
24445
1790
7101
2349
26226
28772
18428
3173
20430
5625
8532
8020
8963
30810
553
26835
10952
8624
11368
13722
21240
4980
18082
8496
21879
8609
15102
23744
834
17035
9619
32116
10808
22864
7532
31838
1583
7248
29871
15530
3170
31968
7133
1064
31223
29191
18545
13722
8775
27494
24470
31515
28709
17810
16897
8039
9761
18983
6568
28250
31171
27421
11290
6768
5355
27443
15318
14008
13242
24078
4294
13493
2305
28200
2464
32134
13696
27461
29247
25406
10514
10331
31319
16546
23992
27327
15314
1283
1624
2055
12802
32519
22966
6200
2154
32560
31116
23174
11649
6899
20735
20283
7038
3374
16431
19975
24309
31027
16582
9509
27973
7871
3516
23240
10893
8434
1786
3411
130
23760
22982
6639
7468
15076
12591
21194
2792
6082
7901
17681
6769
8062
18167
25088
29626
28311
32498
26666
7761
4300
12201
4986
21660
16710
1262
4141
6044
14170
5382
20261
1969
28601
31091
13911
13826
13417
16898
22026
5596
20438
2839
10334
22211
5483
27427
15427
20196
4578
8747
28451
17012
26815
7704
23404
6031
7148
21919
11800
18322
32029
18788
21063
2280
18184
29696
26844
29636
7414
2123
3978
18416
17791
23074
2970
5024
20396
32568
27140
9
11119
19454
21201
29305
21238
14111
10868
14716
17130
10107
9854
28285
9400
31990
15710
28290
14047
30443
26353
8605
19477
31462
14189
21512
26341
23455
29791
18044
21539
19830
14976
20787
29502
7948
7964
29672
6125
3192
16463
18311
17148
24934
10471
18907
28421
16
23295
26450
31213
349
4178
197
9956
15812
27619
4341
22831
17817
7596
22635
1896
19910
24637
30109
30469
12322
24301
25851
5757
1438
30231
30857
27108
19498
29845
3671
30395
25085
8092
14176
30049
5963
30920
18544
5122
10946
17251
29769
20786
4619
6660
22735
493
824
21299
4623
1796
6295
23157
31543
8030
25626
8158
21520
27691
13548
23454
1475
3642
4571
32176
25626
532
12984
3848
26887
20537
21150
3319
24096
19371
22435
12008
736
4536
5305
19879
4736
22326
31816
15493
13607
11844
15257
31653
6511
2117
406
10734
8271
29060
19644
25059
10233
32695
16062
10986
29600
18588
32060
28971
21147
17495
19879
17789
21894
12535
21077
21295
9704
1609
10915
31330
8934
6880
7611
5539
18338
2701
13492
9304
31754
11531
13975
2296
20948
10216
13646
27415
1989
4678
14267
12609
19742
27217
29430
23655
8082
19008
23248
2884
28355
25467
16971
31656
10388
5456
22597
31462
30964
32103
30805
14318
2456
8612
4726
2070
19025
12114
25789
27907
29819
5699
7122
27773
30701
10441
7015
3059
19588
5507
11231
30306
29908
11649
6834
325
4024
2694
25597
946
10027
871
8205
1903
163
26420
27026
1735
4446
10231
29938
25263
26489
28980
26522
14625
19186
10658
2789
12574
20188
18206
16314
18988
11244
19011
6991
22935
22985
28305
643
5741
15111
7264
20434
5811
12761
14866
32589
13359
15781
1647
23975
21055
24113
31282
15355
11946
13345
3905
6588
19405
22291
5194
12170
8889
15750
3674
15204
25359
12990
7509
21459
6414
2533
1761
10717
2806
31807
17325
23265
20093
22866
15779
18715
16245
2616
5480
11430
24331
10566
16029
27542
3980
15470
20975
23701
21980
15499
17244
28787
23417
25546
25846
3224
10231
16273
947
30155
27831
11804
27356
1655
12582
17948
13238
8467
11200
13087
28029
11080
28017
15655
4026
29765
26407
22807
7660
9306
25197
13957
19740
12504
26093
24658
17035
9566
18739
21966
12345
14146
23940
23635
29317
18143
17267
11059
11050
18399
12045
7411
8537
9041
4193
31885
20009
13394
9557
29523
24054
29040
119
2422
3138
23020
30699
19991
351
22932
14683
19018
2182
1743
7374
1937
13362
11364
12953
14960
5042
23342
31118
14032
7218
2221
6447
6187
4902
19880
15158
23417
13706
6635
8323
1200
20472
5768
7855
25080
2145
11352
5432
12029
648
31422
28433
1596
30272
26667
6831
23562
5634
9442
32307
221
9005
17075
292
29309
25060
7340
4640
18105
32121
29263
14261
6110
21283
8090
25382
28745
8328
5926
5296
27900
1850
7516
21362
10248
28812
29501
26339
10919
9544
24441
507
107
8954
25225
8234
7602
29353
32518
8933
30552
28182
9537
17535
23295
21050
22581
19289
23175
5747
4714
28114
1911
13085
30683
23690
18445
22641
23149
10644
16404
14150
20551
24635
26175
22145
2543
20651
11225
8719
11605
21781
27861
23471
28822
18192
11398
382
8237
17690
21205
2239
9162
30017
17714
4073
23206
30418
20718
2313
25700
30753
22456
31066
24241
31219
22297
24336
31709
7800
26878
4228
30063
6913
6039
560
11934
8318
1045
13802
5731
8456
2510
22867
21308
32125
703
9488
28853
10401
18040
4016
31460
5884
9357
19905
30108
19026
27964
31855
27792
2266
19123
100
16349
27592
12663
8332
28315
15320
11666
24491
29491
27543
7544
7345
28123
19339
16430
25491
1496
615
23896
22968
9228
15233
16492
19757
9366
21184
4606
5443
8825
3661
25677
5447
23290
15291
6041
15522
5826
31653
24166
17674
2785
27161
31344
864
16234
22767
23925
1225
21215
9911
31460
9576
32651
6736
21862
7543
30586
3868
30638
15953
18426
4792
12317
4531
28595
14875
26271
26938
24456
1767
3393
27312
13265
11065
24551
13353
14605
11433
28481
19790
22968
6325
18247
14048
16456
11572
12752
29728
17757
23736
4695
29165
1215
11245
6127
28704
30857
24375
8728
28104
26088
19569
15461
1122
28418
13117
6206
21997
10674
29206
12257
4954
9189
31588
1120
472
5036
22926
14159
27815
21233
23096
30934
7885
8570
19462
3193
18437
9784
8253
21084
18368
12064
15216
17143
6743
15878
17495
16150
25006
20026
4935
23198
11906
21290
9076
27161
10941
14897
15726
27757
6226
32104
5417
2328
28465
24157
16188
15115
23380
22820
25581
30544
149
12795
32107
603
6522
4248
15694
17336
19937
28979
8165
3475
3737
11264
28586
23303
2777
31704
6455
12277
12883
11400
21573
26245
15562
7154
30038
15092
32613
7929
9072
30980
13964
11858
9608
21349
32059
4111
12123
14956
13127
20070
24990
20223
5032
7763
20621
28084
21503
11477
19152
21390
10101
2429
10098
9462
21830
24991
1435
11408
5897
24944
3553
20058
31395
4996
12925
21535
15554
30901
1747
15855
8915
9979
20184
3406
20992
20549
23244
1299
26266
17710
4089
7627
26925
5531
21032
7848
14717
6366
17273
29167
27984
8900
621
15396
5569
16259
3499
9401
3263
6323
17779
9655
133
1827
12973
8481
14931
28613
16556
8388
7992
22128
25638
3834
15467
20668
23567
19454
21827
9201
25865
10121
2796
21096
18931
24118
17995
29951
21146
16062
8485
23339
8226
32676
16772
28811
12116
28726
20973
32041
7224
13783
16771
22282
15516
25469
3030
26512
24756
1353
9936
15301
22927
19714
11228
19428
28355
26156
9728
32716
32176
22124
22713
1748
22194
6989
28160
9795
9557
15451
27197
3394
31102
18452
10263
30377
19535
22640
2793
26536
3508
18728
24509
20468
6693
11390
23681
8132
5757
22805
31710
18558
14518
4062
16320
30026
3770
21820
16358
28650
26157
8532
208
4723
5130
26598
31940
17858
19406
19351
11782
18824
16210
3844
13222
23980
21210
19596
28300
7429
31000
5929
26500
6614
28339
12855
24652
24180
82
1341
9420
25339
29683
5881
23946
2385
15202
3462
26883
8197
31226
7823
10563
501
16822
21582
31762
27765
16620
27486
28706
9951
13911
4372
26623
15914
22670
23555
3890
20562
12764
16682
3035
14593
19274
18411
1205
12247
4754
6289
12864
3717
31665
23004
13773
21058
9972
6648
29539
13617
2963
8519
22562
26975
19646
20790
11387
17521
18279
4563
19458
13772
7282
16193
19488
899
565
27882
19138
31665
21066
21981
15182
12154
16090
12930
5753
11276
941
18103
19836
19940
20212
27091
24348
21580
19125
19580
7673
1431
15320
6747
29721
26528
7615
21334
8580
31025
21684
17534
4615
6616
24282
21016
17363
6047
17100
1500
16595
26702
2086
27532
1546
15354
9797
15429
32664
9998
8690
24932
11613
13130
24090
7107
20354
26715
13724
28803
31983
5768
15170
26481
25841
14367
4553
7208
5409
20174
1172
5855
18149
22222
18722
29812
7321
21381
25625
31497
14082
27394
19930
17471
20434
11931
24152
32461
22075
31000
29263
10317
3389
31210
2500
29377
19595
19811
32365
18968
31138
20867
30107
3261
14757
16158
14507
19733
1718
23489
28877
21983
1397
18530
13156
21395
18342
13312
24159
31830
27254
26461
7954
16935
903
22556
17667
14932
22937
15684
20063
16524
13386
4208
26875
15868
19047
17509
27105
6383
14488
29373
28088
20266
11078
154
14602
10666
3091
22788
32312
12603
29576
25315
5235
5455
18962
13474
13857
21394
29820
16670
29924
23505
9825
7906
18252
19903
8286
9144
10053
15081
8653
7719
18703
8643
20484
12995
7565
6750
5072
21027
26040
30129
30496
22583
28974
27340
26282
28901
8265
1757
25100
23354
2343
16457
5668
25014
19219
5510
14848
18535
29916
18407
18917
14234
21519
2112
17298
25317
649
13802
26555
10243
18800
14797
30351
13911
16176
8972
9414
27689
22773
13052
25793
19699
19297
26061
1389
11447
29209
7985
5900
24774
11067
15829
12130
31686
5666
11129
13507
8040
29260
2702
30341
23697
18621
11889
25622
24575
24889
26340
19797
6953
25418
9744
14483
15679
26314
12174
23023
7346
28155
4168
14291
17378
789
30526
382
3758
7556
256
10350
32708
21937
22806
22589
30258
3493
16762
27691
21749
18112
24501
2856
18129
11529
3085
6110
1380
31467
5597
20025
27275
26036
1149
6399
11984
19757
2499
25931
7988
16360
5492
21041
25762
6061
377
27332
4634
28561
19261
16372
9772
4363
1540
29908
12286
6985
4758
28176
24357
18342
29031
2231
7134
22204
12351
12258
32007
26025
12829
810
23131
8270
14332
365
31218
32566
7219
2080
32739
31257
16336
12408
26952
29067
10871
9617
29020
8930
25309
6765
28685
26314
11003
1030
2421
2781
4679
2630
6826
19178
28976
11449
1172
30564
28368
9219
31240
18047
15963
3938
1869
10621
28656
5348
31337
26312
19112
23650
493
6610
11349
21987
7725
6386
5793
21645
12960
15382
30707
8929
30932
6403
12151
10232
9768
30649
18786
12646
14541
22930
14914
19873
12797
25306
2998
20940
30734
11361
5477
31332
22105
16608
17300
16902
2143
10209
4140
18881
18737
25292
1708
20759
29393
18853
9909
10797
10159
9872
30624
15873
18663
18189
14289
19596
17294
15851
22036
20469
30960
11841
14201
25418
12033
13705
22654
21095
22947
32250
30984
22989
2387
5035
20934
26285
6097
16763
19550
15078
21352
5781
12969
13872
23806
10330
5599
22586
12759
10634
26605
20570
3123
13497
8361
17674
16380
1960
14166
3491
21689
8860
24258
21973
22129
15831
28994
29776
9037
16304
27567
13217
6414
21949
17977
19301
3490
13556
19643
23988
22268
21641
28302
31933
10332
9091
29058
12087
14186
25046
2719
3818
26931
18509
15564
14246
26108
12241
6921
8564
24492
211
24059
20399
7708
31231
16201
26414
27565
12775
16875
7030
1851
30186
27311
8115
8283
17187
22129
9375
27024
746
8952
12484
9808
26432
20722
11799
9331
13925
10985
20383
8986
11791
9870
10730
25361
8719
27051
25607
28703
32706
10701
20071
23020
8689
19197
6374
8146
22558
27873
15243
5392
25630
4356
25923
22079
14590
17044
12623
31263
31606
5911
24735
17139
32466
9664
9700
18471
4154
20959
24169
9217
15683
20515
17334
6092
4016
6676
25587
17745
18926
27819
281
7087
26451
19846
24410
1281
16660
26282
29142
26589
23871
20429
3493
29954
4134
22723
6876
22199
13238
4243
21447
18416
12728
28174
9410
12683
7186
22768
31440
419
26036
29236
31983
26735
2181
17163
7920
28037
5696
11573
7509
4195
11916
28855
2425
32542
16746
24948
6933
21330
23624
10985
2406
1595
10467
22592
28728
6452
9243
21567
8658
5186
12832
3932
7550
3297
6853
11065
21741
4724
22399
15630
27986
28211
30064
27963
3205
31014
22590
9721
22206
13912
30149
7510
1754
766
25357
21724
16052
17553
32132
14524
6724
5949
30959
15349
2549
7586
13086
13210
8042
21843
24635
15124
30312
32678
15275
23003
8122
20637
27834
726
9833
25756
10476
295
19047
10721
1525
17068
30824
28986
11654
4459
19883
29
8902
16967
14254
28410
16996
13413
12177
23518
24019
13813
4624
21552
22848
32189
17554
5508
7360
7740
27605
2684
31836
25955
4769
2072
23249
25391
24704
8617
7125
16577
14754
21625
1934
30283
19506
16824
1598
22021
10331
25950
7947
24434
30106
23818
1398
1562
9382
3323
15086
16953
24775
4484
29809
7385
30650
29590
20010
12633
579
17753
16146
2326
30532
24001
14738
10453
151
24739
7537
1983
986
6320
11260
21319
19766
4852
32479
3503
2875
4480
24679
30087
16141
3993
31812
2234
29973
23688
3778
16198
15857
12330
11794
20084
13358
28768
32325
20782
13239
7892
30367
19946
838
32523
3628
7360
16256
2148
5256
28233
14142
12688
11622
1336
21167
18689
7593
5288
24653
9547
20819
16342
16229
23904
3458
22951
23990
16615
21044
30218
17644
17001
6205
29306
4237
11420
7912
3474
20978
12937
20718
14695
28762
463
8255
24970
27376
2597
12812
14436
17822
19752
25966
11689
24532
30358
15389
16525
31033
5771
24135
14986
16351
13151
7841
4057
20818
19034
23590
14925
6694
25995
30783
12679
25778
9489
18714
17425
23874
32332
13430
1368
21738
29938
23154
27558
8758
28439
25578
27616
16638
4679
31502
9836
4365
716
24149
16407
11601
8561
25934
2514
8978
18295
28756
413
32267
17960
16462
28419
11434
17823
1751
30441
25170
4797
29934
8849
28875
10242
25657
25523
23358
18371
25400
2118
20701
21637
14337
20841
17269
30235
16982
7306
7137
9643
6504
26753
24432
5593
13632
21468
27566
24558
23721
26211
22457
2602
20372
22337
7913
28267
14407
6070
11571
13849
8744
31924
3207
808
19171
16096
9134
9467
3111
22952
20926
9290
1528
22341
22217
27508
8532
23021
2912
23484
29050
30309
18717
1966
23084
12963
18926
23242
28936
17213
6532
9259
16942
16893
21829
2970
10887
6693
30656
22791
28013
19531
6272
10171
680
4434
23171
7439
27676
20016
10881
14951
24235
321
20184
21726
12866
16322
16853
14939
4602
20145
14890
30004
6083
7140
3710
14034
13185
13328
9857
32633
16091
20431
16367
5151
30009
4192
23703
17250
28450
3684
9520
5285
29154
26691
16710
11294
31510
395
1061
1367
4689
16069
7515
7164
27680
20086
26006
15669
22249
10408
9219
11977
23934
17881
21795
14710
31704
20186
21527
27271
23638
32480
30928
656
28318
21417
31026
20026
16873
15508
5793
16520
24488
9412
18219
16927
18204
17654
30475
5760
11777
27928
15228
27072
26862
4628
4776
8088
9642
24820
26251
29741
2209
595
10259
10338
8492
32243
15983
30194
27905
12297
8711
27357
24714
32176
26031
12965
5736
21383
2389
30300
14431
24511
12800
11131
16845
28354
19207
22940
29345
23655
24867
10800
3163
9219
13424
15503
8964
24507
31067
9137
1149
18642
26355
29130
26845
14415
14713
26778
3312
22652
14990
28301
8811
21923
18504
4096
11673
27842
19888
12529
1475
29071
8381
15922
15103
7151
15317
18109
22935
28385
27514
719
5256
8663
27673
726
3431
773
11162
1947
4245
31523
14555
15431
30807
28795
4901
7164
5076
26964
1650
8843
15510
18184
28202
1503
10831
18845
14578
12486
11301
31861
27561
4429
8528
30771
29573
22751
8322
25491
4006
25919
2502
21328
7269
27740
26906
16585
24098
4732
18822
29405
421
1433
24639
5038
31672
32208
29736
30815
24974
29015
15345
20733
569
21670
19187
24557
5165
26296
21440
6403
24214
464
25994
8126
21603
15439
6151
947
253
10863
12877
18374
5104
13947
22480
23043
4039
21677
22154
22291
27140
32737
22740
4560
4012
32270
8548
4638
11822
145
1157
12573
23984
14136
9023
16355
16117
1178
23074
26171
11654
22253
26120
29653
29518
23271
25365
25422
13936
22189
10914
23588
12706
396
21480
10915
7829
31556
29915
5810
1495
15448
31081
9556
25521
29720
10080
23678
26903
18994
9663
22487
17418
21338
25611
23484
20571
7790
10760
27331
17189
21123
6322
12273
20167
6394
15938
11891
13062
13639
3471
11115
7871
27334
10600
21343
18887
22986
2403
781
7615
22698
2604
14634
11146
12809
25915
30489
7673
12414
24039
19465
7122
2470
14568
22085
8381
24094
22992
16255
16158
22460
21712
13030
23538
14508
1450
5319
25321
4097
16835
12270
11309
28436
12924
18832
29263
6073
5533
14799
1957
26572
10214
2772
28103
29078
9401
9482
26403
10263
9660
19640
4186
8957
24522
1040
4177
2166
10904
15694
1318
15042
2398
28808
26384
31427
25096
9347
11129
8020
16542
30275
7276
13774
5735
19635
8509
18072
26824
20659
22026
28140
26969
14355
30678
8040
9778
18823
20962
23680
20499
30283
21642
21283
10209
4687
10523
6409
20570
9600
14364
26150
22283
9540
17820
6548
8368
16330
11939
23122
19955
20779
19304
12556
15355
16971
49
23889
19185
22956
26564
27495
8019
3753
29836
22516
29960
31765
27702
32593
29786
5741
3643
10099
25337
24545
23815
15428
18216
18493
29896
24005
27157
17200
26818
29565
17393
30905
24368
14836
15453
15941
8251
19360
10970
16816
29662
3696
6785
28267
16819
11283
31956
22203
3496
15132
27061
17774
2785
21890
7780
543
22926
4759
18824
25928
25078
12181
9411
27792
15140
6942
16353
7319
29019
30629
32728
23053
32698
78
4473
7615
13096
681
10069
28975
25852
26356
21889
3922
30283
21807
8383
25621
16559
2418
31872
19955
20570
16454
5134
12364
29918
16824
3185
5557
3648
3608
7031
9177
32635
25861
281
6604
23413
8250
12915
11621
22202
15716
5902
23139
5364
456
29318
23428
15766
13519
31908
9514
20489
1858
10866
5023
6560
30005
4917
25277
9650
11964
9655
29886
31902
30902
13888
10975
16044
21815
11327
4471
24787
14052
8938
21136
12470
13325
22660
15649
19586
170
11622
462
24897
14205
22642
26094
16782
20650
28221
12953
31153
2840
20008
7728
19248
12023
24855
28126
11765
24056
19165
25078
18051
15527
1527
22527
7964
10552
20318
9968
13596
29295
17690
14400
27760
17287
6086
12448
17493
3550
4459
28857
28944
16665
12703
13733
26542
11143
25568
3802
23975
328
17628
10278
7352
7608
29494
20488
9135
23102
24078
17446
6244
32385
28754
8589
13773
31138
24472
10987
17902
1415
28645
26634
18253
1757
1702
15416
26038
337
22954
6555
10912
18547
17639
27341
17230
17457
21548
20401
32132
18067
5822
14355
13853
5692
15219
29325
29291
2851
30636
2458
15630
14976
3825
15614
12453
27229
9057
15096
16818
5238
17543
31832
30087
30502
24915
20497
25718
1736
28700
16373
18645
28765
21618
12124
27840
23446
26753
14220
28132
6487
13454
12850
9034
23388
9429
9495
4752
4853
21850
11879
11080
9719
28819
22664
32578
19469
21307
19501
20962
28378
20021
16937
4814
30109
6194
13405
23579
5318
1520
4862
14026
9716
13920
11078
12910
3843
10870
3459
2576
11851
17804
9666
1214
17748
7159
27365
5101
25447
28737
11773
166
19487
4473
32587
12580
21649
17323
16882
27199
14125
21895
10736
24254
6105
11484
18872
21024
25455
24784
31173
30727
26983
28089
22096
27774
603
26499
29055
30142
31528
31609
11000
28590
29518
32476
16762
7404
21601
4268
8342
9843
10683
23809
11981
22527
25467
8119
27994
19726
32313
16977
3810
4116
10738
31420
14204
21133
24801
10771
4182
1230
28406
23084
27125
15588
27458
21645
28695
17420
26267
6841
18057
9607
30574
19830
10933
20569
12605
14644
4688
29108
17057
24362
20047
5596
7416
22418
28104
8390
26671
24570
810
9693
250
15710
19671
23941
27475
9208
6482
28315
34
21169
1654
3283
12558
31681
27155
25468
22101
15
26961
7488
5910
6467
1595
12619
31302
15644
3043
19442
8080
7401
27828
28826
10423
8546
438
30962
31498
12430
28298
20534
5295
13614
27340
14284
25198
6340
11012
18593
6564
32081
1689
20733
6461
1293
12216
9499
14125
3300
18274
30452
23276
27873
20621
15206
4534
21956
10816
1638
6559
22752
29011
4615
10665
31070
14574
8655
4364
29368
1676
20483
5760
17244
5258
949
9056
20513
29376
29640
25665
30826
22857
29638
8922
10489
17118
20113
18343
9741
15191
8403
31522
3515
28101
24503
15295
18417
7345
3868
420
3793
30710
31211
29406
6184
3419
11763
2090
30325
22501
20364
10009
25393
16287
1654
4181
2886
17721
11537
2469
19802
27912
12343
24195
13138
12488
2591
22332
17890
7760
29822
10737
13131
30985
10565
4799
2608
24855
32447
22169
11259
23138
29861
15155
10129
20184
29522
27837
12777
2661
19048
21897
22800
14847
13229
16465
10049
11084
19377
30305
9303
6737
21927
6875
21377
28487
3156
2681
27484
31691
6044
23542
3238
18904
3348
5702
23440
23374
24494
6011
17725
18171
11445
6515
15073
12439
24516
3423
10836
11709
32220
6444
29677
28867
1599
29417
10373
15937
2952
21668
673
29370
4819
15976
14024
18785
21568
16351
31429
11723
11564
8093
9417
9920
16934
32631
4564
16417
6919
22605
3555
28167
5479
31227
29238
28790
5984
22640
23868
9639
13645
14402
19726
28161
31459
27937
27947
10547
8069
30490
17862
14079
30230
28150
10971
14917
1953
21960
19311
14388
1355
28461
28824
4514
5794
13080
11751
27002
12139
12949
11603
21762
12183
26259
30211
23551
14689
12625
3221
29868
24375
22428
22657
575
9421
6848
24212
27062
9332
8481
12842
19881
2439
8878
10764
30878
27241
25287
2063
6066
17206
4749
22256
25061
4110
30738
19470
14403
32220
5377
26503
4621
29437
9809
22426
6270
22622
5259
5842
18678
30378
16839
1239
25007
6506
1148
22483
27752
4399
8811
19391
21542
18931
9245
5358
7304
6980
6629
6599
11858
24523
27289
19787
7525
24786
17864
4632
2736
24038
18244
18097
9331
21732
8395
25137
13090
25433
20241
20341
25579
19925
11091
15622
18824
10206
7625
1336
26573
19599
4615
31768
11566
18386
3005
28071
781
1691
16110
28495
5090
2813
30236
15517
708
26836
24750
26647
16803
8047
16253
2911
4173
14355
20898
2159
11088
27179
4036
4533
19348
7202
1246
19379
25623
202
25061
3877
14370
31697
10239
19573
20110
6511
9870
15129
16962
878
6621
24361
27997
22037
27217
23265
31460
15311
14811
29283
535
31530
4465
20289
2397
24533
4236
16289
26055
18013
30211
5148
21243
24950
26414
12900
3812
24620
23529
29161
6618
5024
26774
26363
18170
20711
8310
1557
32657
23977
13159
20695
21375
17789
16850
23137
22997
8666
15557
30671
21390
3234
18864
24774
9201
24028
30453
19472
20117
24926
29160
31883
512
11420
18475
30647
13487
11541
26264
8083
23042
21034
15363
3539
18180
16335
18146
20514
15738
16847
31401
23211
25583
20572
28765
27672
24160
20699
7862
31509
9226
29688
32276
30765
16997
20436
8436
30344
28670
19546
22001
20553
18747
6196
27938
8212
6842
22312
3447
10252
30627
7324
7489
19120
8537
7971
23928
27405
26739
17407
8203
7597
32347
5726
16019
4693
7634
829
23319
22554
11271
11674
630
7845
13565
4180
2523
15924
21914
16893
20566
15334
20301
9614
6293
19864
11741
28415
20404
6425
20432
874
1121
23792
9125
24808
4895
2001
21576
23138
13263
222
16402
7240
9810
13558
14724
13711
14340
14291
9197
23464
21742
812
28130
28464
2878
5055
27397
32449
25876
32550
22239
28125
28326
233
27372
13238
25451
5197
20912
31962
6076
14274
12214
14838
109
2043
23341
29099
18654
30258
8628
11841
26717
13886
9806
263
2122
27052
25764
14761
6050
4047
1469
17756
25863
11728
24221
16080
26737
6508
25567
4919
27199
2747
2733
14088
1122
24769
5380
2771
21303
9611
24205
648
5194
14677
19380
10576
8389
22944
17436
31788
31161
1323
13944
16076
4982
31126
32305
10681
23712
23837
20706
25364
10101
29526
13050
16411
26981
20031
28793
28184
19344
10899
30256
21630
13896
18854
29299
4638
7067
23448
8755
26493
20482
28562
19785
7495
26955
14031
14308
24825
19231
28205
8411
23427
14985
17604
1435
31744
1522
8085
10081
13914
11401
7206
22164
28480
1174
8261
23618
30072
16937
7056
3844
15228
13395
202
12434
6064
20457
22385
3055
22595
3443
9223
28767
1225
10967
22293
25652
22102
11338
24767
13143
1196
31507
10900
8801
24650
14619
1936
27806
5229
17631
22526
30887
8012
12223
5333
25084
891
25430
13787
21217
27639
23845
30970
28785
4467
1442
15263
15361
18621
28994
21703
30283
29319
3914
5838
32708
23883
6547
16299
21197
15888
14348
13538
31305
21581
5343
2362
18394
24324
11649
2469
16888
23790
17421
18566
9874
12327
1804
3777
31112
17410
32124
32081
22186
6701
30289
16814
9821
484
24707
1037
12253
19091
26552
8636
15068
2038
16185
31505
13516
26962
22781
19364
28173
21471
4003
14116
24693
28552
2368
14047
11333
30967
11218
11472
32285
1511
13244
27558
2213
6461
7980
22117
7215
31623
6208
28068
15163
20500
14722
6370
22054
24569
18477
14651
30475
24438
29351
8845
23334
8343
5633
30164
15779
6857
18194
10024
18834
17230
22462
8176
21788
5585
31338
8147
28355
11790
20791
2949
13001
7579
12002
23489
10250
13738
2370
23555
4779
8406
18687
16119
10392
5582
14790
4363
24182
6176
30001
16220
5396
30345
2090
12665
21642
29098
13441
1492
1212
20020
28156
7529
380
8977
6817
26309
1856
9056
27021
23864
31931
3654
22398
17774
13884
3162
12522
15373
21493
1419
13831
29464
9008
12246
3910
27489
3307
20961
833
18464
19311
21635
22425
18585
4713
29169
31819
8727
3383
18449
23334
4131
25488
11482
31497
24091
12655
21497
17813
13137
11975
30348
24868
18691
3116
20205
22960
10221
15525
18970
23146
10573
9106
12577
9149
10801
14374
17162
5704
24025
17823
18725
24415
14145
16818
421
15824
2599
3603
18397
5064
9479
4276
28643
32265
14480
24425
12614
16595
9365
25387
24174
6688
19488
24813
8141
6731
216
6298
28559
22010
9642
5535
3738
24374
20698
13054
28152
29300
6914
4984
27800
12342
12007
16716
11278
26969
25204
6084
10491
3348
6636
23801
4895
23776
12418
18095
13924
3965
17380
3058
26528
25754
11833
1908
21962
1945
4740
14237
2947
453
8345
4232
25750
15311
25236
1291
1168
7951
17330
4739
19225
3202
3284
24931
31631
3435
671
18322
23436
13519
6719
1329
18080
16343
17564
28277
14343
26896
17118
31050
29678
16382
9705
9866
6672
4942
15846
10825
31716
19676
18554
12305
13260
26074
20067
17026
27951
27670
3177
26993
11699
17773
12114
59
14339
11377
20004
4886
19332
15968
3667
32500
13163
30676
7672
21574
6122
28367
16901
19358
31056
281
27756
1797
20060
15104
16068
11362
30671
4582
20291
8996
13605
25255
701
5662
11461
29582
5297
24896
10205
8313
18160
17568
10333
20724
22394
16287
30818
19087
26633
11455
16962
31549
24516
28248
29945
30488
29387
15465
14918
12417
16511
18164
12400
17670
19635
1802
4256
8528
26885
1095
4893
27055
18219
2984
73
13839
246
5031
26790
19652
7152
14505
25726
4778
3140
19241
27110
16258
23276
12383
12876
23615
16458
31180
28146
11448
2114
27802
5292
16562
886
6660
11342
1127
12132
24204
13211
1999
26031
8507
9074
17567
11570
9835
12503
17535
16624
26514
21965
25726
24110
11574
24934
2957
8570
26685
17344
24612
18788
13041
25152
14748
24046
19885
29065
17929
26948
22796
22484
32178
8712
24936
20482
21989
9422
7712
31901
16220
27776
25143
1712
23568
8823
25293
1109
4120
8071
26421
4220
1273
1912
27737
13888
16527
23333
24025
30617
26299
12192
31036
965
31502
6861
13869
14395
29838
7561
6686
22379
30800
13873
7092
10717
8804
7262
4544
27675
31786
29403
24504
10202
29729
6081
19732
17006
3229
14381
18443
9749
28428
25338
5903
32042
32083
13689
12999
14383
9352
29937
14485
20004
2378
1577
5681
1114
18153
1953
19333
1472
810
2487
27409
1824
6338
7008
10871
22194
20716
15845
6223
32254
4855
26788
3337
25544
13610
29327
25308
9604
12429
1365
24260
3454
28956
31462
10032
5873
25077
19083
9280
1840
11824
15055
16918
960
10764
21284
3982
9566
22825
24494
14898
3529
22131
17655
17162
7708
6619
5847
15597
14613
11491
27106
21539
19603
8339
23437
14576
19629
10397
7468
13908
22719
5596
18146
29222
12790
23251
16846
22686
12882
2967
15434
12238
31334
5276
2594
20593
23628
26792
15321
13959
30365
10143
25655
21826
9512
17247
1617
3223
1521
20856
16674
14976
14861
6882
18448
483
30300
10642
22683
10757
24772
21381
17277
30842
30615
16953
19578
22583
23424
5009
31939
13595
24013
498
19164
32472
9072
28343
19666
28934
9557
1616
13406
29978
7643
22382
12655
22778
20732
11511
26916
14812
28101
31518
20025
22466
11057
15117
21981
14320
8886
11501
8220
8490
16272
10188
2964
10705
4769
14783
21465
6778
11229
30600
7800
2178
4828
27886
11287
19576
5825
26141
9263
11467
17767
31270
14038
16997
15011
2663
5076
21450
27636
18943
29651
8107
8035
29918
24972
7765
8567
15251
23265
26638
1976
31174
31943
15824
31159
13637
22453
10908
25389
7793
1773
18980
4770
26940
30026
28161
20278
15357
1722
11206
9956
8162
30342
10354
10892
12866
31508
18268
5200
23082
22395
13809
4852
22661
5448
31860
17802
11868
14478
17999
1491
10649
18291
11559
32267
23621
30929
2464
16634
21051
4711
19297
11200
22959
28436
12410
23070
18572
19952
22729
15841
25275
31898
17199
4815
8017
28215
10529
25265
32037
17145
28137
2087
20498
26158
24260
10191
27218
19654
2365
10983
29401
29198
28960
30978
28214
7253
10098
9335
31921
28697
10738
14770
31219
14463
2511
28180
10495
12242
3317
18942
28134
17912
14419
29628
690
6060
25779
26046
10176
14978
32454
21140
26641
14124
22805
1153
23585
15341
29098
22858
29096
17262
15727
16640
16513
28143
32490
16670
24729
3329
29324
19168
4778
4035
2871
19076
1399
29037
3851
31034
10191
26381
11730
21973
11012
4105
19746
4056
28528
2177
11281
424
12279
29771
29979
30057
32273
18577
13275
10996
10026
22952
12087
28120
18931
20529
31756
10159
2915
26942
3896
28081
20445
7818
16057
25631
27834
23538
31411
7923
25808
32529
29020
10065
7149
18248
14600
14062
9346
22790
30809
8610
13722
5745
28545
18283
32218
23342
24948
31219
19040
31888
14958
3536
8128
4242
23149
24452
6488
10642
29988
3369
18262
14948
26733
18256
20906
28211
26139
7881
23110
11848
14129
1605
26357
25697
17016
8500
3921
26703
18733
2139
3864
27266
23485
10272
4619
408
24871
9725
384
16265
4183
14289
7
30608
21423
9147
25036
8861
12156
15841
20793
21721
15572
7868
4502
22075
731
13099
18905
4837
8898
26974
10078
10189
23650
17536
9755
25147
21966
5696
23345
29600
7906
28634
29038
14410
26417
3389
16170
32034
30653
14561
19061
1818
12251
28534
13471
3631
26480
19076
20414
21058
15943
3263
12599
17563
7748
23660
3234
13248
12851
6490
24146
23903
18982
879
27370
26783
18754
26221
27312
16331
24974
11062
14994
8413
26324
28160
2386
14407
539
2087
9960
14124
4934
10632
32547
1678
21546
6948
240
13384
4068
1449
27510
14788
11260
26708
21940
19932
5022
21
32225
29626
31827
8739
756
8336
22612
6906
24535
31346
13517
11536
10435
28947
7573
24666
21067
22299
13203
21796
30808
11709
3270
15883
1336
28194
13103
26229
29540
4885
25776
22346
23134
3978
4295
13644
31948
8100
23435
26123
12176
17826
4385
27580
24600
20900
611
21408
27796
5450
28318
19741
19307
23881
17864
7308
12675
9327
5877
20315
13167
27341
19709
24579
9836
8068
13216
7302
23569
12129
27048
12720
4485
21938
22351
1651
17605
489
5613
6302
529
32661
2454
8858
10063
6613
24822
17112
7767
32162
30292
1211
10027
15459
10631
13617
23673
3888
6016
16052
22953
25157
26844
839
27824
5605
7767
28730
20021
11749
16322
8372
32646
30193
100
17402
26971
22516
26275
14627
18792
21433
14331
25715
11849
26145
10223
23572
31620
24187
13476
17183
29933
8398
32174
29961
17483
29490
17964
16856
24003
26486
10954
345
15088
8296
22718
16868
9067
22272
25716
5570
29101
21156
8465
23418
1405
4768
20204
7968
27030
3528
12362
9404
110
1384
20756
20219
16515
23693
16674
4683
26048
28180
27997
3664
21177
24278
20494
21836
6782
914
15214
15295
17436
30442
15655
18220
13661
29841
15646
27894
27084
6215
24436
29108
24201
794
1675
32391
18803
7292
26265
2716
11124
28629
1405
24891
23738
13759
2386
21209
31907
26212
26613
5043
10220
21584
27665
29840
59
31835
18259
14268
20484
20617
17824
6711
7386
2973
30137
21900
22037
25763
11096
12929
5945
6328
16202
27295
24971
5915
15183
24017
17210
11920
10985
9095
15023
14425
25549
22462
27978
16079
22292
12923
13289
11886
32605
7320
437
32559
2298
6142
11117
19361
25525
30806
12880
3946
2635
31519
9147
10814
21409
1490
17692
21757
16521
21190
25446
32602
14775
16603
29699
21109
24274
3030
7178
5182
3945
31562
17886
10153
28675
27359
24068
32615
4995
7241
21120
1348
32588
741
2896
18552
18713
22511
14332
27968
594
23610
20337
18900
15824
116
21624
4018
16395
14847
32207
29637
22028
11385
29246
26149
13409
14980
28892
6024
16553
2105
20042
13709
20991
8365
7044
16907
376
12978
11974
9600
10836
28881
13196
29161
15779
29617
19998
29465
12165
14999
18970
15786
21426
11849
19169
7980
18849
13567
20498
18296
9079
10888
32372
4250
25626
20851
21380
12664
32018
25820
25295
28509
16021
31957
14013
8330
2279
20619
30485
306
31955
29628
27965
586
5176
6382
22964
13949
11672
19024
10749
4753
26383
2244
4977
3333
19042
27209
28854
12790
31854
20890
5007
11040
10399
9749
19875
4394
19423
10439
7233
1652
11629
1214
31132
16109
21607
2984
21853
10603
10264
26068
22028
20318
1475
22058
4226
16540
17643
4879
12830
21405
25489
27538
5796
6755
31066
14163
25226
19291
15979
29833
19947
28858
10366
14624
31914
143
9224
29714
7466
15721
11206
5989
15376
26693
16229
22938
8662
6265
22140
32512
26434
20483
23424
14053
5596
12374
23552
10506
26768
15035
2348
16347
30503
30022
13053
24138
5410
13626
5567
23582
13588
8982
20814
7164
22589
23261
29263
11964
2863
15951
3993
29890
25549
20028
15594
25577
12269
10296
20417
18196
13555
8345
4724
14495
19604
649
9263
18303
11721
16693
4976
30487
13078
9658
29052
22834
28786
19074
31978
30405
5424
5018
1487
27747
4289
22471
13560
3535
258
25236
11530
13680
2553
3428
1292
32664
28114
8160
17326
27528
4626
26863
15246
27226
10066
19224
5248
10435
30999
21250
13185
30031
17307
26477
16329
14838
29117
7468
8165
6861
24498
29747
29734
10974
32199
3876
8938
29585
20730
29715
6612
7622
6821
32463
17935
5777
26621
11674
31379
11368
31042
17299
22315
12965
27494
31794
26744
23860
24132
23292
20409
29984
16806
10501
8295
9994
22280
25666
31983
1448
1661
19726
19551
28811
28551
14038
20003
19951
27918
8018
2255
15265
880
10607
26629
31413
2533
5584
15351
9036
28722
26860
11501
8839
15058
20294
8451
21316
20159
8404
28200
31941
7766
25677
21428
13958
19273
27602
12900
14458
21719
11937
19180
17215
15058
9347
5865
19697
24999
19592
20654
32706
738
31072
26209
12855
17100
18980
31634
1543
29769
21652
22001
30180
29240
10293
9202
12400
26377
12982
5861
12675
17052
9630
19996
25207
29251
21494
18080
26401
8795
8681
32535
3470
16752
20610
23725
6081
7879
20115
15935
31978
30478
30272
20588
28916
9380
25715
17267
10632
29424
11866
25101
11227
27199
30306
2318
10676
17889
19752
18230
17336
31572
15682
27840
30982
5504
28823
3276
17639
14521
1288
20164
26816
5541
29082
27410
32593
10755
31978
9428
20753
12023
10907
24198
3670
5735
22468
30367
8010
4238
13086
10044
1491
920
25024
4083
32277
13283
24995
15648
28682
16236
26090
17165
4617
4269
18237
5634
18925
32583
22120
13770
31346
8216
25085
10694
13467
22199
17273
23852
22223
18550
1190
18202
25894
22254
19663
13733
22554
31432
9607
21719
19931
23600
18261
5995
18309
5437
30830
19398
8039
10522
19997
6292
50
17925
7597
28263
17624
3700
32100
18219
4707
16464
22313
15674
16918
11790
13880
11106
15751
27719
14186
23613
15201
1235
25865
19733
24688
25638
4537
2876
820
1321
24635
31475
13866
7524
8763
20490
17065
5349
2027
9941
27086
30725
16547
24811
5611
8467
20448
13267
11179
28276
24579
15742
23658
2902
16538
27794
22497
14672
13494
26523
30970
7525
25519
22034
2222
17796
24168
18141
1848
26029
22284
15028
20656
7063
1652
18869
23951
14592
23802
16558
11351
12643
15043
26798
30922
30438
28825
10931
1491
23365
10263
24135
16220
30181
11968
28588
21935
27596
23632
8606
10835
26424
15291
14844
29754
11046
28459
27430
3581
9817
4277
9373
11350
8596
13814
408
16084
30094
27207
7401
1536
17421
17787
12973
12796
8054
9045
3454
1978
25897
9703
24917
10481
20582
29747
25105
21405
19001
31575
21047
2784
26623
8778
19593
22465
22958
3670
29437
26819
14841
6866
4818
14776
12889
10648
19169
2020
1824
5911
15117
18435
23640
10078
24034
22155
10548
11661
18037
109
28115
29730
9324
27026
16382
3332
7304
13206
24832
13806
8276
32671
3770
22601
8088
12499
11516
26743
13793
18032
22296
3271
19459
19981
12663
1720
31317
30137
573
14085
15682
14418
3483
18914
31400
25419
24220
4044
16091
6930
7720
3351
7519
12839
17382
30627
1162
28349
32368
9161
31007
11551
9539
12185
11407
25673
23705
16425
5388
14982
5046
3008
109
10577
25418
9810
10301
16199
31455
6216
20712
18032
8661
9506
30079
12701
6359
7990
32610
3492
10435
11116
31949
3562
22186
24308
19806
19481
21942
2355
13725
2335
28081
28443
29506
5085
1874
7290
5985
2336
13574
18941
967
24383
2836
323
27180
6521
19755
16417
6082
26889
24956
23238
6795
9729
20885
32108
5447
117
14360
4264
13388
19288
11331
17681
32
22153
7305
31859
193
26718
8345
9133
16408
16894
30660
21
21026
26106
7618
5330
32132
31302
17527
29167
9082
25485
9961
2520
16562
9110
30208
8057
13935
8963
11906
32736
8046
14467
19460
27519
11188
3197
11209
30254
15260
21336
32275
6065
15893
11860
18138
5090
13614
16562
11861
1618
30123
53
5166
11001
27072
1143
20322
14479
21747
3746
12653
2561
8606
22999
4831
23218
20026
29688
2859
16580
11647
28612
18183
31401
21404
20226
4628
5188
7662
32275
3691
13182
30342
21430
3019
29587
493
8860
20796
25636
1804
26668
18377
3063
11112
5248
18024
4129
3024
26133
16591
28279
7846
31066
4094
19956
29301
13312
28405
4054
17559
21227
26102
11875
10662
1704
19730
24703
20138
12193
28646
28751
21986
32318
14281
26203
10726
2067
3258
13199
22959
25027
18405
19458
24556
254
1180
23206
2791
9489
4830
16064
28449
27408
10157
30073
8857
688
18340
16242
14830
16910
13924
32251
17687
16771
31664
10927
447
27275
31703
2884
204
6787
17566
13479
32449
22540
29476
10100
332
26349
15661
8734
19801
13107
7199
15386
8495
24993
5465
14281
19352
30744
24646
24537
4048
11245
21098
10694
15332
18133
20398
7375
21110
2900
12423
28228
6749
25337
13994
11516
29009
27858
12526
15649
6354
13008
5070
20088
5229
22343
18067
7226
31237
28738
28193
23994
2152
25869
17154
22634
9662
26922
29519
24848
28010
2257
17524
238
4602
30739
10090
6677
10727
31032
29526
26620
5301
22645
26781
8312
7356
11984
21698
5993
21749
2298
26855
28107
26347
16703
4752
10286
15375
4892
20960
10782
29528
14297
1347
32467
24944
9103
10887
15652
22809
10944
9442
23786
4439
5789
30963
28533
27824
3677
29788
2805
118
23802
25814
9606
21345
23375
16962
897
29586
12098
20509
10455
24154
6168
29128
16002
4116
9905
1230
31799
10240
24220
5215
28654
27689
12880
12740
16575
6398
31119
8481
22062
24572
7933
2892
2574
4844
20346
3359
29598
16757
5171
4662
20346
24205
25419
10736
5350
12883
6343
9740
4309
19957
19818
7112
3805
25283
23623
4637
7646
7159
25433
23368
9434
12184
3575
11222
23162
12345
2441
25105
934
24802
19319
19138
29705
26102
23419
20768
6630
29239
1965
10259
3755
23045
3173
1073
8469
9790
3744
21964
28156
25393
12001
4248
14350
8184
8364
9092
8315
28150
2057
14895
22144
12748
18802
32537
27234
24044
8376
12669
24172
7356
25992
32045
23700
29896
2567
24062
25154
27833
20204
7545
13854
27007
29588
25582
1269
14301
8173
893
367
10952
27250
25493
7975
28600
607
10492
25695
28322
17859
13760
19728
6732
10597
20555
4555
17783
16001
7716
7021
4343
18121
5170
14090
19841
4249
18628
393
13129
18047
32555
20895
7554
32526
24587
16389
20286
24392
6851
14218
4484
26114
7612
21612
2638
14992
10991
27859
29648
2232
30652
30130
23650
4531
29326
18769
9044
1203
31462
21880
31250
34
27122
18824
12901
17552
7267
12684
24211
15761
22747
22423
7771
17942
31102
22552
28728
26732
5045
8256
31682
23533
27440
30433
6332
25524
21708
11782
9892
28832
5132
30582
452
21279
10186
32663
29270
14079
32084
18025
9537
15880
15761
6371
32265
25326
11528
3774
19481
10346
16485
8352
22277
24356
25393
5395
9266
18174
19172
23707
27658
987
23780
972
10166
32098
916
11932
18001
24419
30747
15411
51
13292
19160
17577
7340
26980
20225
5683
24411
29718
29874
20040
31030
23270
25124
9900
28296
2515
23858
9569
29500
12777
20727
26044
14363
1995
53
10200
22299
5656
11488
9337
29610
20079
1635
3393
28238
4566
31723
24510
4011
5236
3073
11375
24613
11039
21537
7525
20360
30129
21963
21747
1715
32417
14591
29545
3434
8603
21197
7625
8801
14290
4301
7099
12840
26209
14600
29165
19733
27080
8779
16287
30437
13454
10954
22563
12010
30801
8940
5892
26305
14144
16574
23910
31268
5604
20704
5912
12148
7582
31211
1233
2144
352
26309
14304
18585
3731
26323
8337
29994
6889
23831
32418
26399
8651
15462
23849
5661
13091
29395
27847
18093
11039
23642
15589
29093
10942
479
7463
19192
9205
23376
21538
6144
29421
22916
29279
12720
22389
3693
14911
14805
15154
31548
11657
19473
31129
16973
7765
7696
5742
15123
12454
26931
21176
1759
10692
3894
29205
27337
9304
12697
6071
3227
25600
30704
25273
27675
12713
20385
4530
20510
18379
18864
22962
9212
3233
5205
5299
10304
25667
26100
14739
27366
21185
21808
14383
19853
26018
8467
13152
26122
17903
5547
15480
5554
17563
9428
12377
6301
17175
5085
14376
32091
21293
17886
1411
22589
12736
24625
10926
21400
24791
8279
3383
32026
26414
32499
21001
30602
23504
2419
15186
31056
12634
30716
24612
31472
24037
21920
28113
18920
19035
17291
12742
26380
24964
10044
8868
23955
1542
15315
31029
30666
28717
20601
5142
3190
12282
19684
25402
11652
13564
25125
1210
2789
10285
11482
522
24706
9380
23101
7873
30175
6839
8780
4631
9963
16849
3265
20625
6367
18439
12496
22324
6303
22657
4948
22156
4730
4442
12012
6368
7240
19226
3153
21663
16655
5007
7976
6437
6483
27185
8029
9690
18093
29903
16739
443
1221
8585
15271
18606
26115
3081
28575
15262
10885
27236
28754
12234
732
5285
6014
11494
10388
32129
29850
12226
18931
26370
7546
24005
31582
9639
23062
13956
5370
29117
14544
11025
7075
5930
7976
32326
32432
25969
22619
15757
23457
6889
32354
30149
30725
31825
31047
20672
21285
14045
31597
17998
3136
12529
30477
10749
7433
23659
2340
18720
5079
24378
23593
3528
27641
3157
546
1511
6738
7652
24401
3036
2381
28379
26554
30188
7601
7172
867
2800
25915
14706
27730
3795
26493
30695
11607
29185
31135
28008
7964
11545
23718
9724
27806
13437
31651
30201
28253
24173
14802
26439
27604
17936
947
8863
22284
16373
22900
16243
24480
27289
29136
9838
20542
18158
2613
4134
23241
12140
20086
9114
28520
19680
23515
5906
9341
2314
18933
10203
3891
31954
22869
15428
25399
11561
8473
29228
17058
15527
4467
9745
21542
5488
18391
26900
4046
18560
19971
17065
27741
32151
1757
1075
23065
27453
13531
28738
15818
11697
3562
1488
12996
28792
24871
5726
21530
6054
1821
29899
6397
10237
6540
7221
2544
3528
21710
4679
1343
26226
13196
13730
5320
31289
31412
19877
3242
30592
6355
30194
6180
10767
30385
31604
6057
25164
15683
9363
27393
4470
25377
17168
26654
11012
31195
17273
9408
8359
5572
5947
4600
12920
5154
15414
27672
19025
27428
15471
23560
18976
6446
27078
24362
8716
22933
20140
28288
1016
14817
30977
3369
31990
370
8512
24668
12466
21964
13885
7168
28768
16863
4004
4445
3692
19368
29029
22645
3171
9999
7318
31555
311
12687
6587
11680
31953
16923
29960
23578
15584
8583
18807
4052
7944
11420
28492
19870
28569
12288
1094
27457
21255
10495
23444
20490
17614
19325
9941
25540
25934
22379
22270
30038
19224
21284
22778
6588
18202
7963
7305
1698
21971
32383
3454
26733
16497
8837
12530
32326
25067
15503
2469
10294
30223
20467
27737
1885
13688
16375
23857
25633
29333
2811
9153
25055
31910
16032
28321
7980
17830
27302
15917
28567
24567
20572
2782
29762
21620
26483
16430
3511
24771
10114
21454
10499
6583
10565
30316
9248
9127
16968
6105
24966
6309
22509
4759
16331
27964
24796
3644
5395
27625
8339
27168
8262
32334
15922
7081
29264
3243
31949
27774
10779
4895
1015
27933
12334
23130
10508
31497
17437
20668
8083
13150
31451
10576
1915
24756
22977
27583
15717
1564
17515
3522
24469
14080
3929
24572
9204
32419
16113
19980
1699
27423
31462
17080
30564
4430
18852
22242
30300
18783
10337
10177
28146
30273
4180
24686
4674
26142
5376
1851
28446
20788
21390
16086
21818
28691
12363
12700
17315
21207
17152
26901
6052
14732
4145
15870
7958
15258
32659
18595
12028
9650
12134
11240
19745
31521
7639
24040
23688
28955
23395
30636
17167
28702
23154
2453
14232
24570
11920
10073
1668
16720
17105
16266
28903
20917
20280
29594
7853
6908
10282
23377
29067
16659
26803
267
13357
179
19244
27910
29696
13044
13970
4521
19221
14223
30641
5060
8855
26036
21389
20433
3314
2726
5969
17553
3682
15804
24863
2995
9140
9192
25991
27064
2104
12953
11296
7066
21944
25389
14513
2093
14866
4843
13399
9022
1811
11742
11666
24102
10726
20188
23768
10148
10012
30157
12805
8382
15534
25462
28788
784
27946
6101
27425
21565
32015
18719
6146
8337
26366
21199
6163
31331
12197
15396
20578
17796
30892
30127
17717
2692
23804
5310
24812
30285
22806
21029
5454
27065
4217
7953
23480
24415
32748
19775
20022
19560
9607
13470
5812
17994
5085
28037
8372
26774
23761
19093
4229
30000
27439
3579
19404
10139
29154
25700
12537
27190
28072
25079
32008
16235
8639
6486
28723
13914
4392
29838
17750
15344
2651
2256
26377
27713
13340
14210
10993
18543
24171
11607
7509
23393
22135
31645
26518
1418
6640
32196
8064
81
29518
26441
18995
5356
29499
1546
25300
3364
18248
5341
23356
1283
19480
18577
7251
2417
13552
15718
13738
8818
6403
17739
19125
18201
11679
10969
18215
15868
15626
25271
211
3259
17820
26596
25276
22336
5108
29322
3479
13069
3544
24523
7464
18011
26206
8235
18883
11965
19180
5423
30169
9712
3328
3642
26914
28634
17468
19875
30854
2419
10341
20487
1469
15396
26968
27204
15403
16161
7322
4483
21358
30895
31455
28851
3158
1551
5019
8207
25213
6369
18964
24171
15448
32611
30343
16144
18059
13114
18563
1348
25136
17419
2889
5136
714
10072
30899
16825
32292
24527
672
21360
23433
9995
24339
